424615029085813
4315364068547323
397175621765140
1197086037465266
730850968315163
730825971650996
730748871658706
730274075039519
730201598380100
599327764562071
728810415185885
729360241797569
729461188454141
728668811866712
1069419290465004
728704971863096
727974321936161
727926515274275
727917248608535
227675299204789
371088234502761
1319484275137393
667155048018089
2717322815238424
196822222594639
617523655948083
1329841364135717
756909562375970
639350470777837
753026446097615
760345675365692
753252182741708
1939979712827889
751412249592368
556725742092963
750251063041820
748256119907981
748029753263951
747771276623132
740354977364762
737928964274030
737355154331411
736935111040082
736610047739255
733875301346063
733685504698376
732327014834225
732217514845175
732192018181058
731528218247438
731469084920018
731447041588889
729332378467022
728867318513528
728099311923662
728082151925378
728063205260606
727357588664501
727257092007884
727185108681749
726649802068613
726420932091500
726388555428071
725826632150930
725819055485021
725637395503187
725619952171598
725047062228887
724984672235126
724805192253074
724175212316072
723339295732997
723191142414479
723108505756076
746181360115457
733062804760646
729299731803620
725849828815277
805709663438622
722370519163208
722327052500888
721854095881517
721643289235931
530986688191713
718955706171356
718769792856614
715771646489762
715717379828522
714621456604781
714361856630741
713709863362607
374432094298684
713067980093462
712900796776847
712605256806401
712382450162015
829307621103686
711506543582939
